# type	x	y	ani_set_id	extra_settings per object type
# type: 0 = Mario , 1 = PLATFORM, 2 = Goomba, 3 = Koopas
#############MARIO#############
# MARIO
0	30	350	1
##############PLATFORM#############
7	0	417	0	1
7	16	417	0	1
7	32	417	0	1
7	48	417	0	1
7	64	417	0	1
7	80	417	0	1
7	96	417	0	1
7	112	417	0	1
7	128	417	0	1
7	144	417	0	1
7	160	417	0	1
7	176	417	0	1
7	192	417	0	1
7	208	417	0	1
7	224	417	0	1
7	240	417	0	1
7	256	417	0	1
7	272	417	0	1
7	288	417	0	1
7	304	417	0	1
7	320	417	0	1
7	336	417	0	1
7	352	417	0	1
7	368	417	0	1
7	384	417	0	1
7	400	417	0	1
7	416	417	0	1
7	432	417	0	1
7	448	417	0	1
7	464	417	0	1
7	480	417	0	1
7	496	417	0	1
7	512	417	0	1
7	528	417	0	1
7	544	417	0	1
7	560	417	0	1
7	576	417	0	1
7	592	417	0	1
7	608	417	0	1
7	624	417	0	1
7	640	417	0	1
7	656	417	0	1
7	672	417	0	1
7	688	417	0	1
7	704	417	0	1
7	720	417	0	1
7	736	417	0	1
7	752	417	0	1
7	768	417	0	1
7	784	417	0	1
7	800	417	0	1
7	816	417	0	1
7	832	417	0	1
7	848	417	0	1
7	864	417	0	1
7	880	417	0	1
7	896	417	0	1
7	912	417	0	1
7	928	417	0	1
7	944	417	0	1
7	960	417	0	1
7	976	417	0	1
7	992	417	0	1
7	1008	417	0	1
7	1024	417	0	1
7	1040	417	0	1
7	1056	417	0	1
7	1072	417	0	1
7	1088	417	0	1
7	1104	417	0	1
7	1120	417	0	1
7	1136	417	0	1
7	1152	417	0	1
7	1168	417	0	1
7	1184	417	0	1
7	1200	417	0	1
7	1216	417	0	1
7	1232	417	0	1
7	1248	417	0	1
7	1264	417	0	1
#7	1280	417	0	1
7	1296	417	0	1
7	1312	417	0	1
7	1328	417	0	1
7	1344	417	0	1
7	1360	417	0	1
7	1376	417	0	1
7	1392	417	0	1
7	1408	417	0	1
7	1424	417	0	1
7	1440	417	0	1
7	1456	417	0	1
#7	1472	417	0	1
7	1490	417	0	1
7	1506	417	0	1
7	1522	417	0	1
7	1538	417	0	1
7	1554	417	0	1
7	1570	417	0	1
7	1586	417	0	1
7	1602	417	0	1
7	1618	417	0	1
7	1634	417	0	1
7	1650	417	0	1
7	1666	417	0	1
7	1682	417	0	1
7	1698	417	0	1
7	1714	417	0	1
7	1730	417	0	1
7	1746	417	0	1
7	1762	417	0	1
7	1778	417	0	1
7	1794	417	0	1
7	1810	417	0	1
7	1826	417	0	1
7	1842	417	0	1
7	1858	417	0	1
7	1874	417	0	1
7	1890	417	0	1
7	1906	417	0	1
7	1922	417	0	1
7	1938	417	0	1
7	1954	417	0	1
7	1970	417	0	1
7	1986	417	0	1
7	2002	417	0	1
7	2018	417	0	1
7	2034	417	0	1
7	2050	417	0	1
7	2066	417	0	1
7	2082	417	0	1
7	2098	417	0	1
7	2114	417	0	1
7	2130	417	0	1
7	2146	417	0	1
7	2162	417	0	1
7	2178	417	0	1
7	2194	417	0	1
7	2210	417	0	1
7	2226	417	0	1
7	2242	417	0	1
7	2258	417	0	1
7	2274	417	0	1
7	2290	417	0	1
7	2306	417	0	1
7	2322	417	0	1
7	2338	417	0	1
7	2354	417	0	1
7	2370	417	0	1
7	2386	417	0	1
7	2402	417	0	1
7	2418	417	0	1
7	2434	417	0	1
7	2450	417	0	1
7	2466	417	0	1
7	2482	417	0	1
7	2498	417	0	1
7	2514	417	0	1
7	2530	417	0	1
7	2546	417	0	1
7	2562	417	0	1
7	2578	417	0	1
7	2594	417	0	1
7	2610	417	0	1
7	2626	417	0	1
7	2642	417	0	1
7	2658	417	0	1
7	2674	417	0	1
7	2690	417	0	1
7	2706	417	0	1
7	2722	417	0	1
7	2738	417	0	1
7	2754	417	0	1
7	2770	417	0	1
7	2786	417	0	1
#
7	960	384	0	1
7	960	400	0	1
7	960	416	0	1
7	1088	352	0	1
7	1088	368	0	1
7	1088	384	0	1
7	1088	400	0	1
7	1216	352	0	1
7	1216	368	0	1
7	1216	384	0	1
7	1216	400	0	1
7	832	352	0	1
7	832	368	0	1
7	832	384	0	1
7	832	400	0	1
7	720	352	0	1
7	736	352	0	1
7	752	352	0	1
7	768	352	0	1
######################GOOMBA################ 3 ani_set_id 6 ## model 1: base 2: red 3:base fly
#type   x       y    ani_set_id model    direction
2	928	390	2	1	-1
2	1056	390	2	2	-1
2	1184	390	2	2	-1
2	1616	390	2	1	-1
2	1655	390	2	1	-1
2	1900	380	2	3	-1
###################KOOPAS###################
#TYPE    X       Y  ANI_SET_ID  MODEL   DIRECTION 1:GOOMBA base 2:GOOMBA RED
3	208	380	3	2	-1
3	624	300	3	1	-1
3	800	380	3	2	-1
3	1664	300	3	1	-1
3	1920	380	3	2	-1
#3	2096	357	3	2	-1
##############BLOCK COLOR##############
4	176	384	4	64	32
4	224	336	4	64	32
4	1568	272	4	64	32
4	1552	368	4	80	32
4	1648	336	4	64	32
4	1728	304	4	64	32
4	1760	352	4	80	32
4	1856	320	4	64	32
4	1936	288	4	64	128
#########QUESTION BRICK#############
8	529	384	8	1
8	640	368	8	1
########GOLD BRICK############
9	592	336	9	1
9	608	336	9	4
9	624	336	9	1
9	640	336	9	1
9	513	352	9	1
9	529	352	9	1
9	545	352	9	1
9	592	352	9	1
9	608	352	9	1
9	640	352	9	1
9	513	368	9	1
9	529	368	9	1
9	561	368	9	1
9	577	368	9	1
9	513	384	9	1
9	576	384	9	1
9	592	384	9	1
9	608	384	9	1
9	624	384	9	1
9	640	384	9	1
9	513	400	9	1
9	529	400	9	1
9	545	400	9	1
9	608	400	9	1
9	624	400	9	1
9	640	400	9	1
#####################  COIN #################
10	1008	320	10
10	1024	320	10
10	1040	320	10
10	1136	320	10
10	1150	320	10
10	1166	320	10
10	1584	336	10
10	1664	304	10
10	1728	272	10
10	1744	272	10
10	1760	272	10
################MUSIC BRICK############
14	476	368	27	1
14	513	336	27	1
14	545	368	27	2
#############BOOMERANG BROTHER#########
15	375	370	24	-1
15	1385	370	24	-1
#BOX
13	2420	330	23
#PORTAL
52	500	40	2	600	55	4
52	2550	380	2	2650	417	0
#Brick
57	960	368	4