999	2	9	0
# type	x	y	ani_set_id	extra_settings per object type
# type: 0 = Mario , 1 = PLATFORM, 2 = Goomba, 3 = Koopas
#############MARIO#############
# MARIO
0	20	300	1
##############PLATFORM#############
7	0	417	2	1279	16
7	1296	417	2	175	16
7	1490	417	2	1300	16
7	2096	0	2	32	112
7	720	352	2	64	16
#
7	960	384	2	16	32
7	1088	352	2	16	64
7	1216	352	2	16	64
7	832	352	2	16	64
######################GOOMBA################ 3 ani_set_id 6 ## model 1: base 2: red 3:base fly
#type   x       y    ani_set_id model    direction
2	928	390	2	1	-1	1	3
2	1056	390	2	2	-1	1	3
2	1184	390	2	2	-1	1	3
2	1616	390	2	1	-1	1	5
2	1655	390	2	1	-1	1	5
2	2200	380	2	3	-1	1	7
###################KOOPAS###################
#TYPE    X       Y  ANI_SET_ID  MODEL   DIRECTION 1:GOOMBA base 2:GOOMBA RED
3	208	380	3	3	-1	1	0
3	624	300	3	1	-1	1	2
3	800	380	3	2	-1	1	2
3	1664	300	3	1	-1	1	5
3	1920	380	3	2	-1	1	6
3	2096	357	3	2	-1	1	6
##############BLOCK COLOR##############
4	176	384	4	64	32	1	0
4	224	336	4	64	32	1	0
4	1568	272	4	64	32	1	5
4	1552	368	4	80	32	1	5
4	1648	336	4	64	32	1	5
4	1728	304	4	64	32	1	5
4	1760	352	4	80	32	1	5
4	1856	320	4	64	32	1	6
4	1936	288	4	64	128	1	6
##################Fire#################
#5	1800	384	5	1
#########QUESTION BRICK#############
8	528	384	8	1	1	1
8	639	368	8	1	1	2
########GOLD BRICK############
9	591	336	9	1	1	1
9	607	336	9	1	1	2
9	623	336	9	1	1	2
9	639	336	9	1	1	2
9	512	352	9	1	1	1
9	528	352	9	1	1	1
9	544	352	9	1	1	1
9	591	352	9	1	1	1
9	607	352	9	1	1	2
9	639	352	9	1	1	2
9	512	368	9	1	1	1
9	528	368	9	1	1	1
9	560	368	9	1	1	1
9	576	368	9	1	1	1
9	512	384	9	1	1	1
9	575	384	9	1	1	1
9	591	384	9	1	1	1
9	607	384	9	1	1	2
9	623	384	9	1	1	2
9	639	384	9	1	1	2
9	512	400	9	1	1	1
9	528	400	9	1	1	1
9	544	400	9	1	1	1
9	607	400	9	1	1	2
9	623	400	9	1	1	2
9	639	400	9	1	1	2
#####################  COIN #################
10	1008	320	10	1	3
10	1024	320	10	1	3
10	1040	320	10	1	3
10	1136	320	10	1	3
10	1150	320	10	1	3
10	1166	320	10	1	3
10	1584	336	10	1	5
10	1664	304	10	1	5
10	1728	272	10	1	5
10	1744	272	10	1	5
10	1760	272	10	1	5
################MUSIC BRICK############
14	480	368	27	1	1	1
14	512	336	27	1	1	1
14	544	368	27	2	1	1
#############BOOMERANG BROTHER#########
15	480	370	24	-1	1	1
#BOX
13	2420	330	23	1	8
#PORTAL
52	500	1	2	600	3	4	0	1
52	2550	380	2	2650	417	0	1	8
#Brick
57	960	368	4	1	3