#############MARIO#############
# MARIO
0	1500	300	1
#############PLATFORM#############
7	0	416	0	1
7	16	416	0	1
7	32	416	0	1
7	48	416	0	1
7	64	416	0	1
7	80	416	0	1
7	96	416	0	1
7	112	416	0	1
7	128	416	0	1
7	144	416	0	1
7	160	416	0	1
7	176	416	0	1
7	192	416	0	1
7	208	416	0	1
7	224	416	0	1
7	240	416	0	1
7	256	416	0	1
7	272	416	0	1
7	288	416	0	1
7	304	416	0	1
7	320	416	0	1
7	336	416	0	1
7	352	416	0	1
7	368	416	0	1
7	384	416	0	1
7	400	416	0	1
7	416	416	0	1
7	432	416	0	1
7	448	416	0	1
7	464	416	0	1
7	480	416	0	1
7	496	416	0	1
7	512	416	0	1
7	528	416	0	1
7	544	416	0	1
7	560	416	0	1
7	576	416	0	1
7	592	416	0	1
7	608	416	0	1
7	624	400	0	1
7	640	400	0	1
7	656	400	0	1
7	672	400	0	1
7	688	400	0	1
7	704	400	0	1
7	720	400	0	1
7	736	400	0	1
7	752	400	0	1
7	768	400	0	1
7	784	400	0	1
7	800	400	0	1
7	816	400	0	1
7	832	400	0	1
7	848	400	0	1
7	864	400	0	1
7	880	400	0	1
7	896	400	0	1
7	912	400	0	1
7	928	400	0	1
7	944	400	0	1
7	960	400	0	1
7	976	400	0	1
7	992	400	0	1
7	1008	400	0	1
7	1024	400	0	1
7	1040	400	0	1
7	1056	400	0	1
7	1072	400	0	1
7	1152	416	0	1
7	1168	416	0	1
7	1184	416	0	1
7	1200	416	0	1
7	1216	416	0	1
7	1232	416	0	1
7	1248	416	0	1
7	1264	416	0	1
7	1280	416	0	1
7	1296	416	0	1
7	1312	416	0	1
7	1328	416	0	1
7	1344	416	0	1
7	1360	416	0	1
7	1376	416	0	1
7	1392	416	0	1
7	1408	416	0	1
7	1424	416	0	1
7	1440	416	0	1
7	1456	416	0	1
7	1472	416	0	1
7	1488	416	0	1
7	1536	416	0	1
7	1552	416	0	1
7	1568	416	0	1
7	1584	416	0	1
7	1600	416	0	1
7	1664	416	0	1
7	1680	416	0	1
7	1696	416	0	1
7	1712	416	0	1
7	1728	416	0	1
7	1744	416	0	1
7	1760	416	0	1
7	1776	416	0	1
7	1792	416	0	1
7	1808	416	0	1
7	1824	416	0	1
7	1840	416	0	1
7	1856	416	0	1
7	1872	416	0	1
7	1888	416	0	1
7	1904	416	0	1
7	1920	416	0	1
7	1936	416	0	1
7	1952	416	0	1
7	1968	416	0	1
7	1984	416	0	1
7	2000	416	0	1
7	2016	416	0	1
7	2032	416	0	1
7	2048	416	0	1
7	2064	416	0	1
7	2080	416	0	1
7	2096	416	0	1
7	2112	416	0	1
7	2128	416	0	1
7	2144	416	0	1
7	2160	416	0	1
7	2176	416	0	1
7	2192	416	0	1
7	2208	416	0	1
7	2220	416	0	1
7	2256	416	0	1
7	2272	416	0	1
7	2288	416	0	1
7	2304	416	0	1
7	2320	416	0	1
7	2336	416	0	1
7	2352	416	0	1
7	2368	416	0	1
7	2384	416	0	1
7	2400	416	0	1
7	2416	416	0	1
7	2432	416	0	1
7	2448	416	0	1
7	2464	416	0	1
7	2480	416	0	1
7	2496	416	0	1
7	2512	416	0	1
7	2528	416	0	1
7	2544	416	0	1
7	2560	416	0	1
7	2576	416	0	1
7	2592	416	0	1
7	2608	416	0	1
7	2624	416	0	1
7	2640	416	0	1
7	2656	416	0	1
7	2672	416	0	1
7	2688	416	0	1
7	2704	416	0	1
7	2720	416	0	1
7	2736	416	0	1
7	2752	416	0	1
7	2768	416	0	1
7	2784	416	0	1
7	2800	416	0	1
#
7	1504	336	0	1
7	1520	336	0	1
#
7	1600	368	0	1
7	1584	384	0	1
7	1600	384	0	1
7	1568	400	0	1
7	1584	400	0	1
7	1600	400	0	1
#
7	1664	368	0	1
7	1664	384	0	1
7	1680	384	0	1
7	1664	400	0	1
7	1680	400	0	1
7	1696	400	0	1
#cot cuoi map
7	2256	304	0	1
7	2272	304	0	1
7	2256	288	0	1
7	2272	288	0	1
7	2256	272	0	1
7	2272	272	0	1
7	2256	256	0	1
7	2272	256	0	1
7	2256	240	0	1
7	2272	240	0	1
7	2256	224	0	1
7	2272	224	0	1
7	2256	208	0	1
7	2272	208	0	1
7	2256	192	0	1
7	2272	192	0	1
7	2256	176	0	1
7	2272	176	0	1
7	2256	160	0	1
7	2272	160	0	1
7	2256	134	0	1
7	2272	134	0	1
7	2256	368	0	1
7	2272	368	0	1
7	2256	384	0	1
7	2272	384	0	1
7	2256	400	0	1
7	2272	400	0	1
######################GOOMBA################ 3 ani_set_id 6 ## model 1: base 2: red 3:base fly
#type   x       y    ani_set_id model    direction
2	208	400	2	1	-1
2	512	400	2	1	-1
2	864	383	2	1	-1
2	816	383	2	1	-1
2	928	360	2	2	-1
###################KOOPAS###################
#TYPE    X       Y  ANI_SET_ID  MODEL   DIRECTION 1:GOOMBA base 2:GOOMBA RED
3	560	344	3	2	-1
3	1312	277	3	3	-1
3	1360	277	3	3	-1
3	1406	277	3	3	-1
3	1450	300	3	2	-1
3	2096	350	3	1	-1
##############BLOCK COLOR##############
4	240	368	4	48	48
4	272	336	4	48	80
4	400	368	4	80	48
4	464	336	4	64	80
4	512	304	4	64	112
4	512	384	4	96	32
4	1312	144	4	64	32
4	1264	384	4	112	32
4	1296	352	4	112	64
4	1328	320	4	112	96
4	2144	368	4	48	48
4	2176	272	4	48	144
4	1408	192	4	64	16
4	1488	176	4	144	16
4	1632	176	4	64	16
#########QUESTION BRICK#############
8	1472	368	8	2
8	176	352	8	1
8	192	352	8	1
8	224	304	8	1
8	656	384	8	2
8	704	342	8	1
8	240	304	8	2
########GOLD BRICK############
#11	80	368	9	1
9	1440	128	9	3
9	1952	400	9	1
9	1968	400	9	1
9	1984	400	9	1
9	2000	400	9	1
9	2016	400	9	1
9	2032	400	9	1
9	2048	400	9	1
9	1968	384	9	1
9	1984	384	9	1
9	2000	384	9	1
9	2016	384	9	1
9	2032	384	9	1
9	1984	368	9	1
9	2000	368	9	1
9	2016	368	9	1
9	2032	368	9	2
9	2096	384	9	1
9	2096	400	9	1
9	2112	400	9	1
#11	2112	384	9	1
############## PIPE #########
1	352	368	7	2
1	1856	368	7	2
1	1792	384	7	1
1	2320	384	7	1
#################Fire Plant #################Red Model 1: Red 
6	360	370	6	1
6	1864	370	6	2
6	1800	392	6	3
#####################COIN#################
10	1073	320	10
10	1105	288	10
10	1137	256	10
10	1169	224	10
10	1201	192	10
10	1329	80	10
10	1345	80	10
10	1361	80	10
10	1473	112	10
10	1489	112	10
10	1537	128	10
10	1553	128	10
10	1569	128	10
10	1585	128	10
10	1617	112	10
10	1633	112	10
10	1649	112	10
10	1665	112	10
10	1697	144	10
10	1729	112	10
10	1761	128	10
10	1809	96	10
10	1841	128	10
#BOX
13	2688	330	23
#PORTAL
52	2256	105	9	2287	110	2
52	2807	390	9	2810	420	0