999	2	4	0
# type	x	y	ani_set_id	extra_settings per object type
# type: 0 = Mario , 1 = PLATFORM, 2 = Goomba, 3 = Koopas
#############MARIO#############
# MARIO
0	70	300	1
##############PLATFORM#############
7	0	400	0	1	1	0
7	16	400	0	1	1	0
7	32	400	0	1	1	0
7	48	400	0	1	1	0
7	64	400	0	1	1	0
7	80	400	0	1	1	0
7	96	400	0	1	1	0
7	112	400	0	1	1	0
7	128	400	0	1	1	0
7	144	400	0	1	1	0
7	160	400	0	1	1	0
7	176	400	0	1	1	0
7	192	400	0	1	1	0
7	208	400	0	1	1	0
7	224	400	0	1	1	0
7	240	400	0	1	1	0
7	256	400	0	1	1	0
7	272	400	0	1	1	0
7	288	400	0	1	1	0
7	304	400	0	1	1	1
7	320	400	0	1	1	1
7	336	400	0	1	1	1
7	352	400	0	1	1	1
7	368	400	0	1	1	1
7	384	400	0	1	1	1
7	400	400	0	1	1	1
7	416	400	0	1	1	1
7	432	400	0	1	1	1
7	448	400	0	1	1	1
7	464	400	0	1	1	1
7	480	400	0	1	1	1
7	496	400	0	1	1	1
7	512	400	0	1	1	1
7	528	400	0	1	1	1
7	544	400	0	1	1	1
7	560	400	0	1	1	1
7	576	400	0	1	1	1
7	592	400	0	1	1	1
7	608	400	0	1	1	2
7	624	400	0	1	1	2
7	640	400	0	1	1	2
7	656	400	0	1	1	2
7	672	400	0	1	1	2
7	688	400	0	1	1	2
7	704	400	0	1	1	2
7	720	400	0	1	1	2
7	736	400	0	1	1	2
7	752	400	0	1	1	2
7	768	400	0	1	1	2
7	784	400	0	1	1	2
7	800	400	0	1	1	2
7	816	400	0	1	1	2
7	832	400	0	1	1	2
7	848	400	0	1	1	2
7	864	400	0	1	1	2
7	880	400	0	1	1	2
7	896	400	0	1	1	2
7	912	400	0	1	1	3
7	928	400	0	1	1	3
7	944	400	0	1	1	3
7	960	400	0	1	1	3
7	976	400	0	1	1	3
7	992	400	0	1	1	3
7	1008	400	0	1	1	3
#####################  COIN #################
10	192	336	10	1	0
10	224	336	10	1	0
10	256	336	10	1	0
10	288	336	10	1	0
10	352	336	10	1	1
10	384	336	10	1	1
10	416	336	10	1	1
10	480	336	10	1	1
10	512	336	10	1	1
10	544	336	10	1	1
10	576	336	10	1	1
10	640	336	10	1	2
10	672	336	10	1	2
10	704	336	10	1	2
10	752	336	10	1	2
10	784	336	10	1	2
10	816	336	10	1	2
10	848	336	10	1	2
#
10	208	320	10	1	0
10	240	320	10	1	0
10	272	320	10	1	0
10	336	320	10	1	1
10	368	320	10	1	1
10	400	320	10	1	1
10	432	320	10	1	1
10	496	320	10	1	1
10	528	320	10	1	1
10	560	320	10	1	1
10	624	320	10	1	2
10	652	320	10	1	2
10	684	320	10	1	2
10	716	320	10	1	2
10	768	320	10	1	2
10	800	320	10	1	2
10	832	320	10	1	2
#
10	624	144	10	0	2
10	640	144	10	0	2
10	656	144	10	0	2
10	608	160	10	0	2
10	624	160	10	0	2
10	656	160	10	0	2
10	672	160	10	0	2
10	592	176	10	0	1
10	608	176	10	0	2
10	672	176	10	0	2
10	688	176	10	0	2
#
10	592	192	10	0	1
10	688	192	10	0	2
#
10	688	208	10	0	2
10	672	208	10	0	2
10	608	208	10	0	2
10	592	208	10	0	1
10	672	224	10	0	2
10	656	224	10	0	2
10	624	224	10	0	2
10	608	224	10	0	2
10	656	240	10	1	2
10	640	240	10	1	2
10	624	240	10	1	2
############## PIPE #########
1	850	368	7	2	1	2
##########MUSHROOM
11	640	192	12	2	0	2
#PORTAL
52	850	367	2	882	370	3	1	2