999	1	2	0
#############MARIO#############
# MARIO
0	130	32	1
########################## BRICK ####################
# --- platform (hint: I created the list using Excel!) ----
7	112	0	426	1	0	0
7	160	0	426	1	0	0
7	176	0	426	1	0	0
7	192	0	426	1	0	0
7	208	0	426	1	0	0
7	224	0	426	1	0	0
7	240	0	426	1	0	0
7	256	0	426	1	0	0
7	272	0	426	1	0	0
7	288	0	426	1	0	0
7	304	0	426	1	0	1
7	320	0	426	1	0	1
7	336	0	426	1	0	1
7	384	0	426	1	0	1
7	112	16	426	1	0	0
7	384	16	426	1	0	1
7	112	32	426	1	0	0
7	384	32	426	1	0	1
7	112	48	426	1	0	0
7	384	48	426	1	0	1
7	112	64	426	1	0	0
7	336	64	426	1	0	1
7	352	64	426	1	0	1
7	368	64	426	1	0	1
7	384	64	426	1	0	1
7	112	80	426	1	0	0
7	320	80	426	1	0	1
7	112	96	426	1	0	0
7	304	96	426	1	0	1
7	112	112	426	1	0	0
7	288	112	426	1	0	0
7	112	128	426	1	0	0
7	272	128	426	1	0	0
7	112	144	426	1	0	0
7	256	144	426	1	0	0
7	112	160	426	1	0	0
7	128	160	426	1	0	0
7	144	160	426	1	0	0
7	160	160	426	1	0	0
7	176	160	426	1	0	0
7	192	160	426	1	0	0
7	208	160	426	1	0	0
7	224	160	426	1	0	0
7	240	160	426	1	0	0
#####################  COIN #################
10	208	40	10	0	0
10	225	24	10	0	0
10	241	24	10	0	0
10	257	40	10	0	0
10	257	56	10	0	0
10	225	72	10	0	0
10	241	72	10	0	0
10	257	88	10	0	0
10	257	104	10	0	0
10	208	104	10	0	0
10	225	120	10	0	0
10	241	120	10	0	0
############## PIPE #########
1	128	0	7	1	0	0
1	352	0	7	1	0	1
#7	1792	384	7	1
#PORTAL
52	354	0	9	400	32	1	0	1